function fontLetters = get2x3CheckersCode

A = [0,0;
     1,1;
     0,1];

B = [0,0;
     0,1;
     1,0];

C = [0,0;
     1,1;
     1,0];


D = [0,1;
     1,0;
     1,1];

E = [0,1;
     1,0;
     1,0];

F = [1,1;
     1,0;
     1,0];

G = [1,0;
     0,0;
     0,0];

H = [0,0;
     0,1;
     0,1];

I = [1,1;
     1,0;
     0,1];

J = [1,1;
     0,0;
     1,0];

K = [1,0;
     1,1;
     0,1];
 
L = [0,0;
     0,1;
     1,1];

M = [1,1;
     0,0;
     0,1];

N = [0,0;
     1,0;
     1,1];

O = [0,1;
     1,1;
     0,1];

P = [1,1;
     1,1;
     0,1];

Q = [0,1;
     0,1;
     1,1];

R = [1,1;
     0,0;
     1,1];

S = [0,1;
     0,0;
     0,1];

T = [0,1;
     0,0;
     1,1];

U = [1,1;
     1,0;
     1,1];

V = [0,0;
     1,1;
     0,0];

W = [1,1;
     0,1;
     0,1];

X = [1,1;
     1,1;
     1,0];

Y = [1,0;
     0,1;
     1,0];

Z = [0,1;
     1,0;
     0,1];
 
fontLetters = {A,B,C,D,E,F,G,H,I,J,K,L,M,N,O,P,Q,R,S,T,U,V,W,X,Y,Z};

end
