function fontLetters = get4x4CheckersFont

A = [0,0,1,0;
     0,0,1,1;
     0,1,1,1;
     1,0,1,1];

B = [1,0,0,1;
     0,0,0,1;
     1,0,1,0;
     1,1,1,0];

C = [1,1,0,1;
     0,0,1,1;
     1,0,0,1;
     0,0,0,1];

D = [1,1,1,1;
     0,0,1,0;
     0,1,1,0;
     0,0,0,1];

E = [0,0,1,0;
     0,1,1,0;
     0,0,0,1;
     1,1,1,0];

F = [1,1,1,0;
     1,1,1,0;
     1,0,1,0;
     1,0,0,0];

G = [0,1,1,1;
     1,0,0,0;
     0,0,0,1;
     0,1,0,0];

H = [0,1,1,0;
     0,0,1,0;
     1,0,1,0;
     0,1,1,0];

I = [0,1,1,0;
     1,0,1,0;
     0,1,1,0;
     0,1,0,1];

J = [0,0,1,1;
     0,1,0,1;
     1,0,0,0;
     1,0,1,0];

K = [1,1,1,0;
     1,0,1,1;
     0,1,1,0;
     0,1,1,1];

L = [0,0,0,1;
     0,1,0,0;
     1,0,0,1;
     0,0,1,0];

M = [0,1,1,0;
     0,0,1,0;
     0,1,1,0;
     0,1,1,1];

N = [1,0,1,1;
     0,0,0,0;
     1,1,1,1;
     1,1,0,1];

O = [0,0,0,0;
     0,0,1,1;
     0,1,0,1;
     1,1,1,1];

P = [1,1,1,1;
     1,1,1,1;
     0,1,0,1;
     0,0,0,0];

Q = [1,0,0,0;
     0,0,0,1;
     1,0,1,0;
     0,0,0,1];

R = [1,1,0,0;
     0,0,0,1;
     0,0,0,1;
     1,0,1,0];

S = [1,1,1,0;
     0,1,0,0;
     0,1,1,0;
     1,0,1,1];

T = [0,0,1,0;
     0,1,0,0;
     1,0,1,0;
     1,1,1,0];

U = [1,0,1,0;
     1,1,1,0;
     1,0,1,1;
     1,1,0,1];

V = [1,1,1,0;
     0,0,1,1;
     0,0,1,1;
     1,0,0,1];

W = [0,1,0,1;
     0,1,1,1;
     1,1,0,0;
     1,1,0,0];

X = [0,0,1,0;
     0,1,1,1;
     1,0,1,1;
     0,0,0,1];

Y = [1,0,1,0;
     0,0,0,0;
     1,0,1,0;
     0,0,1,1];

Z = [1,1,1,1;
     1,1,0,1;
     0,0,0,1;
     1,1,0,1];


fontLetters = {A,B,C,D,E,F,G,H,I,J,K,L,M,N,O,P,Q,R,S,T,U,V,W,X,Y,Z};

end